1.4902206
2.036152
2.0804693
2.0658052
2.0245991
1.9918477
1.8679535
0.11422354
0.32347907
0.56015932
0.70193059
1.0236041
1.4984939
1.8258312
1.8049181
2.1061555
2.1502869
1.3264854
1.2498485
1.1853628
1.1936099
1.2403571
0.93663542
0.89366422
1.1438635
0.78593326
0.52564215
1.230646
1.2433913
0.040742673
0.62151745
1.458754
1.3816693
1.4532083
1.1260585
0.11854954
-0.1944286
-0.10647653
-0.33456869
-0.26590237
-0.74689399
-0.99999994
-1.2645342
-1.4607699
-1.1555388
-0.95277798
-0.65642483
-0.75569754
-0.41601964
-1.0116931
-1.2635371
-1.1172177
-1.0139755
-1.1888529
-0.9813376
-0.71787213
0.046216173
-0.057597484
0.050941899
-0.25467958
0.050098728
0.77435832
-0.17323196
-0.43180022
-0.53082358
-0.35585021
-0.64162133
-1.098736
-1.2749034
-1.3328134
-0.85406145
-0.77705839
-0.62135673
-1.2247319
-1.2354108
-1.0375542
-1.4097483
-1.0229852
-1.2918394
-0.97012108
-0.74923448
-1.3192759
-1.1508031
-0.54939373
-0.016813855
-0.386014
-0.46225101
-1.4644793
-0.84526217
-0.92890117
-0.94389658
-1.0819689
-1.1528195
-0.97428288
-0.73361325
-1.048261
-1.1714193
-1.2410423
-1.5909493
-1.5721567
-1.38726
-1.5393138
-1.4779715
-1.6525407
-1.54766
-1.1500972
-1.0230387
1.7246722
1.9935354
-1.856171
-1.7359707
-1.6516831
-1.5903513
-1.1711283
-1.4690417
-1.5258959
-1.7117548
-1.4037919
-1.2167217
-0.56657204
-0.41512515
-0.3032921
-0.86874136
-1.4840244
-0.33157442
0.093248563
-1.2345219
-1.4803066
-1.892321
-0.02077413
-0.19610973
-0.26307715
0.34017861
-0.030568932
0.46742924
1.6545803
0.99999995
0.89857848
1.723812
1.2844731
1.008502
1.3152802
1.4409901
1.0859749
-1.1537759
-0.24909304
-0.38763628
-0.10522856
-0.39558063
-0.10483747
-0.65973377
0.03310895
0.20376506
0.46692217
1.0837837
-0.63426164
0.25898212
0.45578639
-1.0310012
1.0778698
1.1531357
1.2397479
1
0.5417374
0.89746106
-0.51134014
-1.2399179
-0.55454801
-0.28051286
0.85538775
-0.17198921
1.5537858
1.7006992
1.3622507
2.0005593
0.55479082
1.5213002
1.7030581
1.6135634
1.4578406
0.8779596
0.81787011
1.4878685
0.94144316
0.37854172
0.45105824
-0.18069636
-0.35835858
-1.170993
-1.7390141
-1.6459928
-1.5892937
-1.6256293
-1.6617297
-1.7069576
-1.8902049
-1.9079573
-1.8864621
-1.8792155
-1.8887757
-1.8064033
-1.7589386
-1.7314976
-1.5604175
-1.6049298
-1.5956974
-1.5224882
-1.5986619
-1.4350548
0.96702125
0.58569698
1.1244611
2.0600349
1.9954313
1.8846427
1.9497569
0.83460239
0.35533085
0.60808642
1.1020401
1.7931844
1.0138489
-0.0069436972
0.75409759
0.60505884
2.0995451
0.16843879
0.090123198
-0.20584199
-0.85815715
-0.8370891
-0.72556098
-0.47943681
-0.37032873
-0.33620192
0.24960625
0.43850464
0.54417189
0.36053057
0.17413663
-0.2268808
-0.63315602
-0.8630456
-1.002075
-1.1100719
-0.22944761
0.68157976
-0.40143851
-0.068220303
-0.40183819
-0.14012421
-0.16641896
-0.53551711
-1.2650752
-1.1578953
-1.3813351
-1.8222353
-1.798496
-1.8853227
-2.0436591
-1.9302403
-2.0503741
-1.9328096
-2.0314871
-2.0070266
-1.701729
-1.6464694
-1.7056405
-1.4395661
-1.0245323
-0.94114457
-0.37843514
-1
-1.1995979
-1.1080732
-1.1562748
-0.86249147
-0.30379506
-1.2830715
-1.2830715
0.88127725
0.35053924
-0.072954393
0.27336468
1.2381669
1.6423137
1.5107638
0.90913161
0.26097323
-0.40417924
-0.14212275
-0.38067111
-0.41087387
-0.66030984
-0.024212141
0.029344592
0.097457252
0.19892932
-0.028312176
0.58714759
