Roster

  System.X
  CardiacOutput.CO
  CardiacOutput.RAP
  CardiacOutput.MCFP
  CardiacOutput.Slope
  FluidVolumes.AP
  FluidVolumes.BV
  FluidVolumes.ECFV
  FluidVolumes.RPP
  FluidVolumes.UO
  FlowAutoregulation.TPR
  BaroreceptorReflex.AFFNA
  BaroreceptorReflex.SYMEnd
  BaroreceptorReflex.SympsA
10100.00,1856.321,-3.136,1.000,0.009348,68.7,3607.0,10613.1,68.660,0.000,0.037,0.004,1.959,1.026,
10100.00,1861.886,-3.133,1.041,0.009340,69.6,3611.5,10619.9,69.587,0.000,0.037,0.006,1.955,1.022,
10100.00,1946.923,-3.102,0.884,0.009251,64.3,3595.6,10595.9,64.272,0.000,0.033,0.000,1.919,0.986,
10100.00,1962.205,-3.097,0.903,0.009242,64.8,3597.7,10599.1,64.833,0.000,0.033,0.000,1.915,0.982,
10100.00,1917.143,-3.094,0.978,0.009107,65.2,3607.4,10613.7,65.229,0.000,0.034,0.000,1.860,0.927,
10100.00,1806.662,-3.158,0.901,0.009448,67.8,3595.3,10595.5,67.816,0.000,0.038,0.002,1.999,1.066,
10100.00,1909.789,-3.103,1.012,0.009173,66.8,3610.4,10618.2,66.750,0.000,0.035,0.002,1.887,0.954,
10100.00,2275.720,-3.010,1.954,0.009183,81.8,3712.8,10773.6,81.773,0.047,0.036,0.247,1.882,1.008,
10100.00,1909.761,-3.107,0.996,0.009205,66.4,3608.2,10614.9,66.411,0.000,0.035,0.001,1.900,0.967,
10100.00,1997.757,-3.102,1.462,0.009372,76.8,3656.0,10687.3,76.776,0.000,0.038,0.074,1.967,1.035,
